3.0766 3.6627 1
0.3230 3.5862 1
2.2275 3.3345 1
2.1847 4.1564 1
2.0982 5.4049 1
2.0576 2.8275 1
2.8033 2.5932 1
0.8373 2.8127 1
2.1556 5.0456 1
1.2590 4.3296 1
1.4392 4.0024 1
2.0219 2.3649 1
1.7667 3.7562 1
0.8831 3.9328 1
1.6094 5.2640 1
2.6165 2.9389 1
1.3675 2.2575 1
2.6965 2.8837 1
3.6315 2.1237 1
2.7357 3.8665 1
3.3720 3.9783 1
3.3082 3.2831 1
1.1989 2.9221 1
2.8620 1.9876 1
1.1946 2.2371 1
1.7634 4.3712 1
2.7473 3.3751 1
0.4847 2.6226 1
0.2532 4.6965 1
2.4912 4.7584 1
3.5968 3.1846 1
1.3629 3.3077 1
1.9202 3.1028 1
2.5570 4.5674 1
3.2897 4.0547 1
1.9749 3.4110 1
2.2908 3.3724 1
2.8124 3.8546 1
2.3737 3.4472 1
2.1625 4.3481 1
1.9292 3.0387 1
2.0733 3.3622 1
2.6781 3.5557 1
2.0679 2.9253 1
1.8798 3.1470 1
2.3178 5.2197 1
1.8643 2.7165 1
3.1689 4.6131 1
2.6893 4.3593 1
1.8595 3.5178 1
1.7602 2.9872 1
1.4282 3.3609 1
3.5922 3.5267 1
1.7758 2.3353 1
0.5992 3.2254 1
1.1495 4.2867 1
1.8805 3.1247 1
2.4041 5.0979 1
3.5918 3.3357 1
1.4394 3.3830 1
-0.0577 -0.0613 2
-1.2126 -0.4792 2
-0.9281 0.3570 2
-0.2310 -0.8726 2
0.1816 -0.1432 2
1.1469 0.1261 2
-3.0607 0.1761 2
0.7946 0.9982 2
-0.0836 0.4934 2
-0.7751 -0.1513 2
-0.0371 -0.0951 2
-1.2804 1.8112 2
-0.4479 0.0175 2
-0.0107 -0.1605 2
-0.5542 0.2973 2
-1.0073 -1.0836 2
1.3442 1.3288 2
-0.7501 -0.6252 2
-1.4487 -0.1717 2
1.9019 0.5443 2
0.6893 1.9129 2
-0.3064 -0.3079 2
-0.0865 0.9935 2
-1.3600 -0.4924 2
-0.0972 0.5123 2
-1.2571 0.4380 2
-0.4990 -1.2406 2
0.7800 -0.6567 2
0.9189 0.1463 2
0.0057 -1.5392 2
-0.7888 0.3411 2
0.5935 -0.2927 2
-1.1134 -1.1409 2
-0.0193 -0.8036 2
0.3335 0.6037 2
-2.4407 -1.3989 2
-0.6835 -1.0547 2
-0.1129 -0.1920 2
-1.0297 1.1914 2
0.0928 0.0179 2
0.4354 0.3666 2
0.2768 -0.6734 2
-0.3135 1.1970 2
-0.3530 0.0323 2
-0.8687 -2.0987 2
0.3666 -0.3337 2
-1.6067 -1.1114 2
-1.0340 -0.8784 2
0.6180 1.9925 2
0.0027 -0.7811 2
0.0678 -0.8160 2
2.0704 -1.1850 2
-1.0292 0.2811 2
-2.1034 0.2376 2
-0.2559 -0.2287 2
1.3894 -0.0932 2
-0.4211 2.8094 2
1.0225 -1.3204 2
-1.9493 -0.8638 2
-0.4786 -0.0484 2
-0.3365 3.3188 3
-0.7716 2.1316 3
0.1464 2.7730 3
-1.3307 2.3689 3
-0.2911 1.9180 3
0.4970 4.1031 3
-0.3237 1.3751 3
-0.4294 1.6347 3
0.2296 2.3114 3
1.0454 2.2440 3
1.1336 1.1211 3
0.3597 1.2582 3
1.9938 2.7248 3
-0.7684 1.1934 3
-1.1082 1.1089 3
0.2529 1.2365 3
-0.8227 1.9285 3
3.2322 -0.2114 3
-1.2086 2.2333 3
0.4359 0.3724 3
0.1326 3.2114 3
1.2581 3.2525 3
0.6110 2.1493 3
-0.6964 2.4336 3
-0.4070 2.1237 3
-0.4200 2.2062 3
-0.0911 1.9431 3
0.1633 2.0347 3
1.3394 2.0531 3
1.2349 1.8789 3
-1.6006 2.4932 3
-0.1501 2.6131 3
0.7047 2.8614 3
-0.9996 1.9901 3
-0.2864 3.5155 3
1.4415 1.5274 3
-0.3621 2.4093 3
-1.5284 0.5163 3
1.2973 1.0813 3
1.1436 3.1215 3
-0.8374 1.3704 3
0.6067 1.6936 3
1.6238 1.5387 3
0.0131 0.8460 3
-0.0869 0.1488 3
-0.9789 0.4679 3
1.5206 1.9727 3
-1.9824 0.4504 3
-1.4817 2.5660 3
0.4319 0.5184 3
1.0460 2.0904 3
-1.1500 2.1691 3
1.3171 3.1968 3
1.3376 1.6421 3
1.1778 1.5762 3
0.3201 1.6687 3
2.5599 4.0368 3
2.2135 1.9562 3
-0.5201 1.8555 3
-0.0268 4.5434 3
2.3307 1.4715 3
1.5491 1.3966 3
-0.8695 0.7792 3
0.1404 1.9130 3
0.1680 1.0058 3
-0.8170 1.8579 3
-0.1899 2.2128 3
-0.8406 1.2327 3
1.5817 2.4163 3
1.9220 2.5252 3
-0.3875 0.7400 3
1.1932 2.8351 3
0.7464 2.9807 3
1.8166 3.3426 3
-3.0286 2.4967 3
-0.1172 1.9381 3
-0.1192 1.9054 3
0.7390 3.3400 3
-0.5997 1.6723 3
1.2742 -0.1480 3
