  0.0000000e+000  1.0000000e+000  1.0000000e+000  5.2500000e+002  4.0000000e+000
  0.0000000e+000  1.0000000e+000  1.0000000e+000  5.3300000e+002  3.0000000e+000
  1.0000000e+000  1.0000000e+000  1.0000000e+000  5.4500000e+002  4.0000000e+000
  0.0000000e+000  1.0000000e+000  1.0000000e+000  5.8200000e+002  5.0000000e+000
  1.0000000e+000  1.0000000e+000  1.0000000e+000  5.8100000e+002  3.0000000e+000
  1.0000000e+000  1.0000000e+000  1.0000000e+000  5.7600000e+002  2.0000000e+000
  1.0000000e+000  1.0000000e+000  1.0000000e+000  5.7200000e+002  4.0000000e+000
  1.0000000e+000  1.0000000e+000  1.0000000e+000  6.0900000e+002  5.0000000e+000
  1.0000000e+000  1.0000000e+000  1.0000000e+000  5.5900000e+002  3.0000000e+000
  1.0000000e+000  1.0000000e+000  1.0000000e+000  5.4300000e+002  2.0000000e+000
  1.0000000e+000  1.0000000e+000  1.0000000e+000  5.7600000e+002  4.0000000e+000
  1.0000000e+000  1.0000000e+000  1.0000000e+000  5.2500000e+002  5.0000000e+000
  1.0000000e+000  1.0000000e+000  1.0000000e+000  5.7400000e+002  1.0000000e+000
  1.0000000e+000  1.0000000e+000  1.0000000e+000  5.8200000e+002  2.0000000e+000
  1.0000000e+000  1.0000000e+000  1.0000000e+000  5.7400000e+002  3.0000000e+000
  0.0000000e+000  1.0000000e+000  1.0000000e+000  4.7100000e+002  4.0000000e+000
  1.0000000e+000  1.0000000e+000  1.0000000e+000  5.9500000e+002  4.0000000e+000
  0.0000000e+000  1.0000000e+000  1.0000000e+000  5.5700000e+002  3.0000000e+000
  0.0000000e+000  1.0000000e+000  1.0000000e+000  5.5700000e+002  5.0000000e+000
  1.0000000e+000  1.0000000e+000  1.0000000e+000  5.8400000e+002  5.0000000e+000
  1.0000000e+000  1.0000000e+000  1.0000000e+000  5.9900000e+002  4.0000000e+000
  0.0000000e+000  1.0000000e+000  1.0000000e+000  5.1700000e+002  3.0000000e+000
  1.0000000e+000  1.0000000e+000  1.0000000e+000  6.4900000e+002  5.0000000e+000
  1.0000000e+000  1.0000000e+000  1.0000000e+000  5.8400000e+002  3.0000000e+000
  0.0000000e+000  1.0000000e+000  1.0000000e+000  4.6300000e+002  2.0000000e+000
  1.0000000e+000  1.0000000e+000  1.0000000e+000  5.9100000e+002  4.0000000e+000
  0.0000000e+000  1.0000000e+000  1.0000000e+000  4.8800000e+002  3.0000000e+000
  1.0000000e+000  1.0000000e+000  1.0000000e+000  5.6300000e+002  4.0000000e+000
  1.0000000e+000  1.0000000e+000  1.0000000e+000  5.5300000e+002  4.0000000e+000
  1.0000000e+000  1.0000000e+000  1.0000000e+000  5.4900000e+002  5.0000000e+000
